-2.24288e-05
-4.70006e-08
-0.00180905
-0.000993957
-0.000357643
-4.33378e-05
-1.14136e-06
-1.58644e-07
-0.00581939
-0.00710515
-0.00489836
-0.00256515
-0.00113396
-0.000268169
-1.05673e-05
-1.76384e-06
-2.35014e-07
-0.0156315
-0.0683497
-0.111579
-0.0524885
-0.00810352
-0.00240522
-0.000738237
-9.20954e-05
-6.72804e-06
-1.18466e-06
-0.018072
-0.111352
-0.27621
-0.332087
-0.196516
-0.0380832
-0.0049502
-0.00139037
-0.000211772
-1.6964e-05
-3.12623e-06
-0.00730829
-0.0341775
-0.118959
-0.288162
-0.41001
-0.384247
-0.253175
-0.0706309
-0.00881862
-0.00232739
-0.000441707
-2.03298e-05
-5.10183e-06
-0.0314259
-0.168801
-0.285325
-0.38715
-0.43859
-0.351876
-0.22945
-0.0850953
-0.0116647
-0.0030031
-0.000634042
-3.95179e-05
-4.03802e-06
-0.0675742
-0.248251
-0.326501
-0.409562
-0.428396
-0.312801
-0.208237
-0.0909246
-0.0134222
-0.00364622
-0.000770778
-4.54736e-05
-5.01812e-06
-0.0695526
-0.243049
-0.328199
-0.410963
-0.426969
-0.308541
-0.207829
-0.0936102
-0.013734
-0.00370802
-0.000779923
-4.55624e-05
-4.79122e-06
-0.0332243
-0.175587
-0.288393
-0.400324
-0.442677
-0.351639
-0.244602
-0.104874
-0.0130572
-0.00329408
-0.000714823
-3.86482e-05
-3.4066e-06
-0.008115
-0.0446485
-0.140784
-0.317121
-0.420998
-0.388311
-0.268002
-0.0895318
-0.0100853
-0.00264749
-0.000547018
-2.16788e-05
-5.62407e-06
-0.0071135
-0.0224154
-0.139123
-0.309011
-0.351882
-0.232123
-0.0512123
-0.00611457
-0.00168091
-0.000316625
-1.36009e-05
-3.44207e-06
-0.0220383
-0.096808
-0.138809
-0.0750483
-0.0118162
-0.00283117
-0.000902588
-0.00012408
-8.57009e-06
-1.49403e-06
-0.00760679
-0.00991144
-0.00602458
-0.0030669
-0.00130475
-0.000337235
-1.97233e-05
-2.61254e-06
-3.67232e-07
-0.00257024
-0.00209504
-0.00120433
-0.000465831
-7.94714e-05
-2.39514e-06
-3.64854e-07
-5.95297e-05
-6.28112e-07
-6.39072e-08
-0.006344
-0.00913762
-0.0109913
-0.010165
-0.00702769
-0.00266968
-0.000553159
-0.00816354
-0.0241198
-0.0683763
-0.0630978
-0.0235098
-0.0148468
-0.00944541
-0.00339318
-0.000664062
-0.000130272
-2.73748e-05
-0.00899888
-0.0552497
-0.156463
-0.258203
-0.24692
-0.0939715
-0.0257685
-0.0128954
-0.00484002
-0.000946099
-0.00015599
-2.93068e-05
-0.0312055
-0.163502
-0.263327
-0.357515
-0.375004
-0.210868
-0.0566979
-0.018292
-0.00696424
-0.00160429
-0.000183616
-2.88539e-05
-0.0550807
-0.213863
-0.297565
-0.391165
-0.456769
-0.370552
-0.136822
-0.0305684
-0.00938143
-0.00257582
-0.000360003
-2.47415e-05
-6.98914e-06
-0.0400539
-0.181502
-0.266252
-0.379602
-0.464813
-0.469649
-0.277206
-0.0690214
-0.0114512
-0.00331295
-0.000634668
-3.05446e-05
-5.4063e-06
-0.010477
-0.0540722
-0.122477
-0.276744
-0.42249
-0.473031
-0.399153
-0.153326
-0.0127569
-0.00339411
-0.000909493
-3.746e-05
-2.91682e-06
-0.00848444
-0.0224838
-0.12651
-0.298179
-0.403732
-0.361737
-0.151747
-0.0118909
-0.00326614
-0.000850884
-3.59072e-05
-9.97542e-07
-0.00883464
-0.0387805
-0.13859
-0.225477
-0.209304
-0.0660815
-0.00672183
-0.00234803
-0.000576831
-6.30728e-06
-5.00755e-08
-0.00848018
-0.0256736
-0.0631416
-0.060952
-0.0161224
-0.00354636
-0.00133379
-0.000252449
-8.66375e-09
0
-0.00470172
-0.00594966
-0.00539539
-0.00327115
-0.00156347
-0.000556675
-6.97194e-05
0
0
-0.0019978
-0.00186362
-0.00129629
-0.000566974
-0.000179727
0
-3.15184e-05
-1.70042e-05
-5.98507e-06
-0.0018376
-0.00101264
-0.000361019
-5.40788e-05
-1.80937e-05
-4.22355e-06
-0.00568164
-0.00842483
-0.00878393
-0.00619255
-0.00419476
-0.00164385
-0.000297659
-3.26117e-05
-7.0938e-06
-1.47518e-06
-0.00998329
-0.0428777
-0.103429
-0.0904883
-0.0251134
-0.0088919
-0.00346165
-0.000868774
-0.000102224
-1.14751e-05
-2.712e-06
-0.00468003
-0.0164543
-0.0644331
-0.187873
-0.272683
-0.237569
-0.117534
-0.0214069
-0.00571872
-0.00157941
-0.000268382
-1.77305e-05
-2.48767e-06
-0.0144971
-0.099868
-0.212281
-0.325995
-0.394605
-0.327969
-0.224237
-0.0566379
-0.00816295
-0.00226489
-0.000498667
-2.27416e-05
-3.36251e-06
-0.0395062
-0.200373
-0.297976
-0.413999
-0.485097
-0.396699
-0.285841
-0.107608
-0.0114465
-0.00286537
-0.000658899
-3.88941e-05
-5.64792e-06
-0.0419644
-0.202874
-0.291247
-0.407433
-0.491153
-0.423522
-0.304027
-0.134596
-0.0138195
-0.00322483
-0.000742672
-5.63349e-05
-5.184e-06
-0.019493
-0.126369
-0.214975
-0.330345
-0.424386
-0.421114
-0.291494
-0.115243
-0.0129398
-0.00321826
-0.000732604
-4.64762e-05
-3.8709e-06
-0.00546252
-0.0252659
-0.0833717
-0.231163
-0.358757
-0.395627
-0.295587
-0.103175
-0.0101949
-0.00264253
-0.000693596
-2.4026e-05
-2.00651e-06
-0.0146687
-0.0996481
-0.279911
-0.343281
-0.281364
-0.0878996
-0.00668984
-0.00207905
-0.000452254
-7.79135e-06
-5.27744e-07
-0.0202128
-0.127206
-0.236869
-0.178044
-0.0350339
-0.00393096
-0.00127081
-0.000226264
-1.11811e-06
-2.63718e-08
-0.0184335
-0.046087
-0.0238993
-0.00547259
-0.00194166
-0.00060258
-6.58415e-05
-1.92429e-09
0
-0.00336177
-0.00264131
-0.00162839
-0.000765787
-0.000182846
0
0
-0.00114748
-0.000929875
-0.000558369
-0.000217381
-1.04942e-05
0
0
-0.00146959
-0.00134755
-0.000896894
-0.000340591
-6.57994e-05
0
0
-0.00434796
-0.00373173
-0.00224205
-0.00096808
-0.000308721
-1.77615e-05
0
-0.00625824
-0.0213502
-0.0624646
-0.0578209
-0.0111562
-0.00230758
-0.000783505
-0.000117093
0
0
-0.0325822
-0.159956
-0.254572
-0.218655
-0.0547413
-0.00456817
-0.00151509
-0.000294001
-1.06862e-06
-2.26e-08
-0.00626722
-0.017245
-0.125057
-0.302295
-0.353413
-0.296905
-0.100833
-0.00785521
-0.00228048
-0.000533649
-7.72267e-06
-5.95758e-07
-0.00595422
-0.0299568
-0.0927222
-0.241309
-0.366526
-0.395779
-0.299511
-0.120553
-0.0111483
-0.00279894
-0.000708195
-2.50467e-05
-2.04002e-06
-0.0206612
-0.129869
-0.219972
-0.329263
-0.425102
-0.433342
-0.297587
-0.127291
-0.0137254
-0.0034134
-0.000761892
-5.23438e-05
-4.00968e-06
-0.0419083
-0.20086
-0.287813
-0.397792
-0.484924
-0.416026
-0.280951
-0.108226
-0.0124331
-0.00306704
-0.000695959
-4.01518e-05
-5.27791e-06
-0.0379472
-0.196169
-0.294098
-0.3962
-0.471734
-0.378183
-0.244659
-0.0743566
-0.00984785
-0.00262439
-0.000533776
-2.48246e-05
-5.73058e-06
-0.0143156
-0.0978347
-0.206565
-0.321295
-0.396739
-0.331033
-0.202564
-0.0485463
-0.00772495
-0.00200454
-0.000372817
-2.21852e-05
-4.26708e-06
-0.00447659
-0.0150383
-0.0588758
-0.172995
-0.263744
-0.234389
-0.106847
-0.0193975
-0.00533456
-0.00135225
-0.000197566
-1.82201e-05
-2.36711e-06
-0.0092615
-0.0356163
-0.0840426
-0.0748361
-0.0222672
-0.00773931
-0.00312584
-0.000749472
-8.87575e-05
-1.12503e-05
-2.41662e-06
-0.00500916
-0.0068142
-0.00680224
-0.00539449
-0.00343884
-0.00126825
-0.000242524
-2.58505e-05
-7.51665e-06
-1.26154e-06
-0.00157721
-0.000919923
-0.000278526
-4.03806e-05
-1.35065e-05
-3.16059e-06
-2.54297e-05
-1.24945e-05
-0.00164833
-0.00136637
-0.00091256
-0.000397349
-6.3593e-05
0
0
-0.00435948
-0.00499904
-0.00407009
-0.00272767
-0.00136458
-0.000389082
-2.40865e-05
0
0
-0.0072102
-0.0273627
-0.0552619
-0.0325773
-0.00924773
-0.0032514
-0.00117384
-0.00019688
-3.22864e-08
0
-0.00824556
-0.0273478
-0.128034
-0.225663
-0.184086
-0.0542825
-0.00624617
-0.00222687
-0.000507868
-3.98445e-06
-6.83766e-08
-0.00832318
-0.0211239
-0.117087
-0.291911
-0.397683
-0.37518
-0.137785
-0.0106518
-0.00310681
-0.000796508
-2.44083e-05
-9.72456e-07
-0.0101431
-0.0509409
-0.114195
-0.265556
-0.417711
-0.464398
-0.407152
-0.155203
-0.013282
-0.00347157
-0.000886252
-2.4452e-05
-2.93715e-06
-0.0378876
-0.171786
-0.252599
-0.363787
-0.450565
-0.458864
-0.285618
-0.0808957
-0.0118068
-0.00338092
-0.000646376
-2.88089e-05
-5.09919e-06
-0.0548228
-0.215439
-0.294323
-0.385368
-0.444165
-0.360599
-0.141237
-0.0317584
-0.0092552
-0.00258904
-0.000388424
-2.344e-05
-6.79636e-06
-0.0317903
-0.164503
-0.270123
-0.358243
-0.382509
-0.214439
-0.0564767
-0.0178382
-0.00686162
-0.0016661
-0.00020063
-2.82835e-05
-0.00864288
-0.0544624
-0.151702
-0.2503
-0.242993
-0.0950833
-0.0260034
-0.0128165
-0.00478546
-0.000977189
-0.00015286
-2.78249e-05
-0.00822787
-0.0233064
-0.0700433
-0.0637461
-0.0236746
-0.0150025
-0.00953502
-0.00340494
-0.000657385
-0.000132576
-2.72231e-05
-0.00689215
-0.00971472
-0.0113978
-0.0105045
-0.00719805
-0.00263835
-0.000543781

